99
180
245
95
70
18
34
206
206
110
93
215
166
174
145
49
3
165
207
177
223
18
172
4
222
125
178
173
86
76
162
134
208
72
251
124
138
144
33
119
33
49
7
11
18
29
47
76
123
199
66
9
28
63
19
167
223
192
12
166
153
142
2
86
195
214
2
148
30
72
27
174
119
148
91
89
213
46
197
118
71
79
35
87
77
190
124
196
145
56
183
95
162
23
17
83
255
1
124
41
138
115
158
214
121
202
10
18
145
185
32
13
148
141
87
254
39
240
152
60
92
230
175
75
42
30
163
159
226
67
230
59
221
103
23
198
250
226
192
23
31
178
235
43
127
237
135
250
254
70
207
75
27
91
38
13
146
173
69
61
44
189
132
128
170
164
178
134
203
178
2
219
182
188
62
59
163
22
96
96
52
179
68
116
203
96
107
42
137
179
60
239
43
26
69
95
164
3
167
170
81
251
76
71
147
218
109
71
180
251
175
170
89
3
92
95
187
26
213
239
196
179
119
42
161
203
108
55
163
218
125
87
212
43
255
42
41
94
178
186
146
139
115
88
72
132
32
255
176
13
198
237
47
98
28
146
238
74
14
215
23
138
153
242
146
74
227
226
249
225
195
203
205
61
58
135
57
127
191
2
3
92
17
83
233
95
48
51
183
231
203
205
51
177
248
176
90
153
30
167
145
124
107
3
104
254
255
123
214
125
240
43
99
158
194
197
230
159
135
221
39
208
188
157
109
16
153
157
123
119
143
125
91
93
0
31
249
155
82
222
51
143
98
11
25
167
124
105
34
221
144
81
15
77
93
174
44
53
213
5
225
17
251
126
147
55
56
76
36
110
187
52
233
121
142
203
213
102
131
41
223
177
212
91
106
76
33
41
88
7
128
107
199
212
116
5
131
217
230
113
212
167
180
178
50
76
192
201
156
64
104
195
28
222
128
151
76
254
237
123
69
235
18
170
54
223
130
99
249
227
93
74
45
190
171
133
163
160
152
133
90
24
104
90
224
150
48
225
201
23
103
155
139
170
160
202
30
57
32
178
199
202
166
172
232
34
187
213
134
122
161
78
153
213
155
52
54
191
54
171
197
167
69
151
209
114
95
116
33
235
182
202
52
80
242
176
146
83
131
202
